115.36539
114.63150
114.63150
116.09940
116.34400
116.09940
116.34400
116.83331
116.34400
116.83331
117.32260
117.07800
117.32260
117.32260
117.81200
117.56730
118.30130
117.81200
118.30130
117.81200
118.30130
118.30130
118.54590
118.30130
117.07800
116.09940
118.30130
118.79060
118.05661
118.30130
118.54590
118.30130
118.54590
118.05661
118.30130
118.54590
118.30130
118.30130
118.30130
118.30130
118.05661
118.30130
117.81200
118.30130
117.32260
117.32260
117.56730
117.81200
117.56730
117.81200
117.81200
117.32260
116.34400
116.58870
116.83331
116.58870
116.83331
116.83331
117.32260
116.34400
116.09940
115.61010
115.61010
115.61010
115.36539
115.12080
115.61010
115.85471
115.36539
115.36539
115.36539
115.12080
114.87611
114.87611
115.12080
114.87611
114.87611
114.63150
114.63150
114.14220
114.38680
114.14220
114.63150
114.87611
114.38680
114.87611
114.63150
114.14220
114.14220
113.89750
114.14220
113.89750
113.65289
113.65289
113.40820
113.40820
112.91890
113.40820
112.91890
113.40820
113.89750
113.40820
113.65289
113.89750
113.65289
113.65289
113.89750
113.65289
113.16360
114.14220
114.38680
113.65289
113.89750
113.89750
113.40820
113.65289
113.89750
113.65289
113.65289
114.14220
114.38680
114.63150
115.61010
115.12080
114.63150
114.38680
113.65289
113.40820
113.40820
113.16360
113.16360
113.16360
113.16360
113.16360
112.42960
113.40820
113.40820
113.16360
113.16360
113.16360
113.16360
111.20631
112.67420
112.91890
112.67420
112.91890
113.16360
112.91890
112.67420
112.91890
112.67420
112.91890
113.16360
112.67420
112.67420
112.91890
113.16360
112.67420
112.91890
111.20631
113.40820
112.91890
112.67420
113.16360
113.65289
113.40820
114.14220
114.87611
114.87611
116.09940
116.34400
116.58870
116.09940
116.34400
116.83331
117.07800
117.07800
116.58870
116.83331
116.58870
116.34400
116.83331
116.83331
117.07800
116.58870
116.58870
117.32260
116.83331
118.79060
116.83331
117.07800
116.58870
116.83331
116.34400
116.58870
116.34400
116.34400
116.34400
116.09940
116.09940
116.34400
115.85471
115.85471
115.85471
115.61010
115.61010
115.61010
115.36539
115.12080
115.61010
115.85471
115.12080
115.12080
114.87611
114.87611
114.38680
114.14220
114.14220
114.38680
114.14220
114.38680
114.38680
114.38680
114.38680
114.38680
114.14220
113.89750
114.14220
113.65289
113.16360
112.91890
112.67420
112.42960
112.42960
112.42960
112.18491
112.18491
112.42960
112.18491
112.42960
111.69560
112.42960
112.42960
111.69560
111.94030
112.18491
112.18491
112.18491
111.94030
111.69560
111.94030
111.94030
112.42960
112.18491
112.18491
111.94030
112.18491
112.18491
111.20631
111.69560
111.69560
111.69560
111.94030
111.94030
112.18491
111.69560
112.18491
111.94030
111.69560
112.18491
110.96170
111.69560
111.20631
111.20631
111.45100
110.22771
109.98310
110.22771
110.71700
110.22771
111.20631
111.45100
111.69560
112.18491
112.18491
112.18491
112.42960
112.67420
112.18491
112.42960
112.18491
112.91890
112.18491
112.42960
111.20631
112.42960
112.42960
112.42960
112.42960
113.16360
112.18491
112.91890
112.91890
112.67420
112.42960
112.42960
112.42960
112.91890
113.16360
112.67420
113.16360
112.91890
112.42960
112.67420
112.91890
112.18491
112.91890
113.16360
112.91890
112.91890
112.91890
112.67420
112.42960
112.42960
113.16360
112.91890
112.67420
113.16360
112.91890
113.16360
112.91890
112.67420
112.91890
112.67420
112.91890
112.91890
112.91890
113.16360
112.91890
112.91890
112.18491
112.42960
112.42960
112.18491
112.91890
112.67420
112.42960
112.42960
112.18491
112.42960
112.67420
112.42960
112.42960
112.18491
112.67420
112.42960
112.42960
112.67420
112.42960
112.42960
112.42960
112.67420
112.91890
113.40820
113.40820
113.40820
112.91890
112.67420
112.67420
112.91890
113.65289
113.89750
114.38680
114.87611
114.87611
115.12080
115.61010
115.36539
115.61010
115.85471
116.09940
116.83331
116.34400
116.58870
116.58870
116.34400
116.83331
116.83331
116.83331
117.32260
116.83331
117.32260
117.56730
117.32260
117.07800
117.32260
117.81200
117.81200
117.81200
118.54590
118.05661
118.05661
117.56730
117.32260
117.81200
118.30130
118.05661
118.54590
118.05661
118.30130
118.05661
118.30130
118.30130
118.30130
118.05661
117.81200
117.32260
118.30130
118.30130
117.81200
117.07800
118.05661
117.81200
117.56730
117.32260
117.32260
117.81200
117.32260
117.81200
117.07800
117.32260
116.83331
117.07800
116.83331
116.83331
117.07800
115.12080
116.58870
116.58870
116.34400
115.85471
116.34400
116.34400
115.85471
116.58870
116.34400
115.61010
115.85471
115.61010
115.85471
115.12080
115.61010
115.61010
115.85471
115.61010
115.36539
114.87611
114.87611
114.63150
114.87611
115.12080
114.63150
114.87611
115.12080
114.63150
114.38680
114.38680
114.87611
114.63150
114.63150
114.63150
114.63150
114.63150
114.14220
113.65289
113.65289
113.89750
113.65289
113.40820
113.40820
113.89750
113.89750
113.89750
113.65289
113.65289
113.89750
113.40820
113.40820
113.65289
113.89750
113.89750
114.14220
113.65289
113.40820
113.40820
113.65289
113.40820
114.14220
113.89750
114.14220
113.65289
113.65289
113.65289
113.89750
113.16360
113.16360
113.89750
113.65289
113.16360
113.65289
113.40820
112.91890
113.16360
113.16360
113.40820
113.40820
113.65289
113.16360
113.40820
113.16360
113.16360
112.91890
112.91890
112.91890
113.65289
113.65289
113.16360
112.91890
112.67420
113.16360
112.91890
112.67420
112.91890
112.91890
112.91890
111.20631
112.91890
113.16360
112.42960
112.67420
113.16360
112.42960
112.67420
112.91890
112.67420
111.20631
112.42960
112.67420
112.42960
113.16360
112.91890
112.67420
112.91890
112.42960
112.67420
112.18491
112.91890
112.42960
112.18491

